module	GCA_001429255	GCA_024707165	GCF_001424125	GCF_001424195	GCF_001425965	GCF_001426705	GCF_001426725	GCF_001428945	GCF_001429135	GCF_001722485	GCF_001750215	R143_genome_NEW	S65
M00001	1.0	1.0	1.0	1.0	1.0	1.0	1.0	1.0	1.0	1.0	0.9	1.0	1.0
M00002	1.0	1.0	1.0	1.0	1.0	1.0	1.0	1.0	1.0	1.0	1.0	1.0	1.0
M00003	0.875	0.875	0.875	0.875	0.75	0.875	0.875	0.875	0.875	0.875	0.875	0.875	0.875
M00004	1.0	1.0	1.0	1.0	1.0	1.0	1.0	1.0	1.0	1.0	1.0	1.0	1.0
M00005	1.0	1.0	1.0	1.0	1.0	1.0	1.0	1.0	1.0	1.0	1.0	1.0	1.0
M00006	1.0	1.0	1.0	1.0	1.0	1.0	1.0	1.0	1.0	1.0	1.0	1.0	1.0
M00007	1.0	1.0	1.0	1.0	1.0	1.0	1.0	1.0	1.0	1.0	1.0	1.0	1.0
M00008	0.75	0.5	0.75	0.75	0.75	0.75	0.75	0.75	0.75	0.75	0.75	0.5	0.75
M00009	1.0	1.0	1.0	1.0	0.875	1.0	1.0	1.0	1.0	1.0	0.875	0.8958333333333333	0.8333333333333334
M00010	1.0	1.0	1.0	1.0	0.6666666666666666	1.0	1.0	1.0	1.0	1.0	0.6666666666666666	1.0	1.0
M00011	1.0	1.0	1.0	1.0	1.0	1.0	1.0	1.0	1.0	1.0	1.0	0.8333333333333333	0.7333333333333333
M00012	1.0	1.0	1.0	1.0	0.6	1.0	1.0	1.0	1.0	1.0	0.6	1.0	1.0
M00013	0.4	0.2	0.4	0.4	0.2	0.4	0.4	0.4	0.4	0.2	0.2	0.4	0.4
M00014	0.3333333333333333	0.2222222222222222	0.3333333333333333	0.4444444444444444	0.2222222222222222	0.3333333333333333	0.3333333333333333	0.2222222222222222	0.1111111111111111	0.2222222222222222	0.2222222222222222	0.2222222222222222	0.2222222222222222
M00015	1.0	1.0	1.0	1.0	1.0	1.0	1.0	1.0	1.0	1.0	1.0	0.6666666666666666	0.3333333333333333
M00016	1.0	1.0	1.0	1.0	1.0	1.0	1.0	1.0	1.0	1.0	1.0	1.0	1.0
M00017	1.0	1.0	1.0	1.0	0.7142857142857143	1.0	1.0	1.0	1.0	1.0	1.0	0.8571428571428571	0.8571428571428571
M00018	1.0	1.0	1.0	1.0	1.0	1.0	1.0	1.0	1.0	1.0	1.0	0.8	1.0
M00019	1.0	1.0	1.0	1.0	1.0	1.0	1.0	1.0	1.0	1.0	1.0	1.0	1.0
M00020	1.0	1.0	1.0	1.0	1.0	1.0	1.0	1.0	1.0	1.0	1.0	1.0	0.6666666666666666
M00021	1.0	1.0	1.0	1.0	1.0	1.0	1.0	1.0	1.0	1.0	1.0	1.0	1.0
M00022	1.0	1.0	1.0	1.0	1.0	1.0	1.0	1.0	1.0	0.8571428571428571	0.8571428571428571	1.0	1.0
M00023	1.0	1.0	1.0	1.0	1.0	1.0	1.0	1.0	1.0	1.0	1.0	0.7	1.0
M00024	0.6666666666666666	0.6666666666666666	0.6666666666666666	0.6666666666666666	0.6666666666666666	0.6666666666666666	0.6666666666666666	0.6666666666666666	0.6666666666666666	0.6666666666666666	0.6666666666666666	0.6666666666666666	0.6666666666666666
M00025	0.6666666666666666	0.6666666666666666	0.6666666666666666	0.6666666666666666	0.6666666666666666	0.6666666666666666	0.6666666666666666	0.6666666666666666	0.6666666666666666	0.6666666666666666	0.6666666666666666	0.6666666666666666	0.6666666666666666
M00026	1.0	1.0	1.0	1.0	1.0	1.0	1.0	0.8888888888888888	0.8888888888888888	1.0	1.0	0.8888888888888888	0.7777777777777778
M00027	1.0	0.3333333333333333	1.0	1.0	0.6666666666666666	1.0	1.0	0.6666666666666666	0.6666666666666666	0.3333333333333333	0.3333333333333333	0.6666666666666666	0.6666666666666666
M00028	1.0	1.0	1.0	1.0	1.0	1.0	1.0	1.0	1.0	1.0	1.0	0.8	1.0
M00029	0.6	0.6	0.6	0.6	0.6	0.8	0.6	0.6	0.6	0.6	0.6	0.6	0.6
M00030	0.0	0.0	0.0	0.0	0.0	0.0	0.0	0.0	0.0	0.0	0.0	0.0	0.0
M00031	0.0	0.0	0.0	0.0	0.0	0.0	0.0	0.0	0.0	0.0	0.0	0.0	0.0
M00032	0.1111111111111111	0.1111111111111111	0.1111111111111111	0.27777777777777773	0.1111111111111111	0.27777777777777773	0.1111111111111111	0.27777777777777773	0.27777777777777773	0.27777777777777773	0.27777777777777773	0.1111111111111111	0.27777777777777773
M00033	0.4	0.4	0.4	0.4	0.4	0.4	0.4	0.4	0.4	1.0	0.4	0.4	0.4
M00034	0.2222222222222222	0.2222222222222222	0.2222222222222222	0.2222222222222222	0.125	0.25	0.2222222222222222	0.375	0.375	0.125	0.125	0.4444444444444444	0.2
M00035	1.0	0.5	1.0	1.0	0.75	1.0	1.0	1.0	1.0	1.0	0.75	0.5	0.75
M00036	0.47222222222222215	0.2222222222222222	0.47222222222222215	0.47222222222222215	0.38888888888888884	0.47222222222222215	0.47222222222222215	0.47222222222222215	0.47222222222222215	0.47222222222222215	0.2222222222222222	0.2222222222222222	0.47222222222222215
M00037	0.0	0.0	0.0	0.0	0.0	0.0	0.0	0.0	0.0	0.0	0.0	0.0	0.0
M00038	0.2857142857142857	0.0	0.14285714285714285	0.14285714285714285	0.0	0.2857142857142857	0.2857142857142857	0.42857142857142855	0.42857142857142855	0.2857142857142857	0.0	0.0	0.2857142857142857
M00039	0.1	0.1	0.1	0.1	0.1	0.1	0.1	0.1	0.1	0.1	0.1	0.1	0.1
M00040	0.3333333333333333	0.3333333333333333	0.3333333333333333	0.3333333333333333	0.3333333333333333	0.3333333333333333	0.3333333333333333	0.3333333333333333	0.3333333333333333	0.3333333333333333	0.3333333333333333	0.3333333333333333	0.3333333333333333
M00042	0.0	0.0	0.0	0.0	0.0	0.0	0.0	0.0	0.0	0.0	0.0	0.0	0.0
M00043	0.0	0.0	0.0	0.0	0.0	0.0	0.0	0.0	0.0	0.0	0.0	0.0	0.0
M00044	0.0	0.0	0.2	0.2	0.0	0.0	0.0	0.0	0.0	0.0	0.0	0.0	0.0
M00045	0.8	0.0	0.8	0.8	0.0	0.8	0.8	0.0	0.0	0.0	0.0	0.8	0.75
M00046	0.6666666666666666	0.6666666666666666	0.6666666666666666	0.6666666666666666	0.6666666666666666	0.6666666666666666	0.6666666666666666	0.6666666666666666	0.6666666666666666	0.0	0.0	0.6666666666666666	0.6666666666666666
M00047	0.0	0.0	0.0	0.0	0.0	0.0	0.0	0.0	0.0	0.0	0.0	0.0	0.0
M00048	1.0	1.0	1.0	1.0	1.0	1.0	1.0	1.0	1.0	1.0	0.875	1.0	1.0
M00049	1.0	1.0	1.0	1.0	1.0	1.0	1.0	1.0	1.0	1.0	1.0	1.0	1.0
M00050	1.0	1.0	1.0	1.0	1.0	1.0	1.0	1.0	1.0	1.0	1.0	1.0	0.75
M00051	0.9166666666666666	0.9166666666666666	0.9166666666666666	0.9166666666666666	0.9166666666666666	0.9166666666666666	0.9166666666666666	0.9166666666666666	0.9166666666666666	0.75	0.9166666666666666	0.8333333333333334	0.9166666666666666
M00052	1.0	1.0	1.0	1.0	1.0	1.0	1.0	1.0	1.0	1.0	1.0	1.0	1.0
M00053	1.0	1.0	1.0	1.0	1.0	1.0	1.0	1.0	1.0	1.0	0.875	1.0	1.0
M00055	0.0	0.038461538461538464	0.0	0.0	0.0	0.0	0.0	0.0	0.0	0.0	0.0	0.0	0.0
M00056	0.0	0.0	0.0	0.0	0.0	0.0	0.0	0.0	0.0	0.0	0.0	0.0	0.0
M00057	0.0	0.0	0.0	0.0	0.0	0.0	0.0	0.0	0.0	0.0	0.0	0.0	0.0
M00058	0.0	0.0	0.0	0.0	0.0	0.0	0.0	0.0	0.0	0.0	0.0	0.0	0.0
M00059	0.0	0.0	0.0	0.0	0.2	0.0	0.0	0.0	0.0	0.0	0.0	0.0	0.0
M00060	0.0	0.0	0.0	0.0	0.0	0.0	0.0	0.0	0.0	0.0	0.0	0.0	0.0
M00061	1.0	0.0	1.0	1.0	1.0	1.0	1.0	0.4	0.4	1.0	0.8	0.0	1.0
M00063	0.0	0.0	0.0	0.0	0.0	0.0	0.0	0.0	0.0	0.0	0.0	0.0	0.0
M00064	0.0	0.0	0.8	0.0	0.0	0.0	0.0	0.0	0.0	0.2	0.2	0.0	0.6
M00065	0.0	0.0	0.0	0.0	0.0	0.0	0.0	0.0	0.0	0.0	0.0	0.0	0.0
M00066	0.0	0.0	0.0	0.0	0.0	0.0	0.0	0.0	0.0	0.0	0.0	0.0	0.0
M00067	0.0	0.0	0.0	0.0	0.0	0.0	0.0	0.0	0.0	0.0	0.0	0.0	0.0
M00068	0.0	0.0	0.0	0.0	0.0	0.0	0.0	0.0	0.0	0.0	0.0	0.0	0.0
M00069	0.0	0.0	0.0	0.0	0.0	0.0	0.0	0.0	0.0	0.0	0.0	0.0	0.0
M00070	0.0	0.0	0.0	0.0	0.0	0.0	0.0	0.0	0.0	0.0	0.0	0.0	0.0
M00071	0.0	0.0	0.0	0.0	0.0	0.0	0.0	0.0	0.0	0.0	0.0	0.0	0.0
M00072	0.0	0.0	0.0	0.0	0.0	0.0	0.0	0.0	0.0	0.0	0.0	0.0	0.0
M00073	0.0	0.0	0.0	0.0	0.0	0.0	0.0	0.0	0.0	0.0	0.0	0.0	0.0
M00074	0.0	0.0	0.0	0.0	0.0	0.0	0.0	0.0	0.0	0.0	0.0	0.0	0.0
M00075	0.0	0.0	0.0	0.0	0.0	0.0	0.0	0.0	0.0	0.0	0.0	0.0	0.0
M00076	0.16666666666666666	0.0	0.16666666666666666	0.16666666666666666	0.0	0.16666666666666666	0.16666666666666666	0.0	0.0	0.0	0.0	0.0	0.0
M00077	0.25	0.0	0.25	0.25	0.0	0.25	0.25	0.0	0.0	0.0	0.0	0.0	0.0
M00078	0.1111111111111111	0.0	0.1111111111111111	0.1111111111111111	0.0	0.1111111111111111	0.1111111111111111	0.0	0.0	0.0	0.0	0.0	0.0
M00079	0.2	0.2	0.2	0.2	0.2	0.2	0.2	0.2	0.2	0.2	0.2	0.2	0.2
M00081	0.3333333333333333	0.0	0.3333333333333333	0.3333333333333333	0.0	0.3333333333333333	0.3333333333333333	0.0	0.0	0.0	0.0	0.0	0.0
M00082	0.8333333333333334	0.6666666666666666	0.8333333333333334	0.8333333333333334	0.6666666666666666	0.8333333333333334	0.8333333333333334	0.8333333333333334	0.8333333333333334	0.8333333333333334	0.6666666666666666	0.6666666666666666	0.6666666666666666
M00083	0.5	0.5	0.5	0.5	0.5	0.5	0.5	0.75	0.75	0.75	0.5	0.25	0.5
M00085	0.0	0.0	0.0	0.0	0.0	0.0	0.0	0.0	0.0	0.0	0.0	0.0	0.0
M00086	1.0	1.0	1.0	1.0	1.0	1.0	1.0	1.0	1.0	1.0	1.0	1.0	1.0
M00087	0.6666666666666666	0.6666666666666666	0.6666666666666666	0.6666666666666666	0.6666666666666666	0.6666666666666666	0.6666666666666666	0.75	0.75	0.75	0.6666666666666666	0.3333333333333333	0.5
M00088	0.2	0.2	0.2	0.2	0.2	0.2	0.2	0.2	0.2	0.2	0.2	0.2	0.4
M00089	0.25	0.25	0.25	0.25	0.25	0.25	0.25	0.25	0.25	0.25	0.25	0.25	0.25
M00090	0.0	0.0	0.0	0.0	0.0	0.0	0.0	0.0	0.0	0.0	0.0	0.0	0.0
M00091	0.0	0.0	1.0	1.0	0.0	1.0	0.0	0.0	0.0	1.0	0.0	0.0	0.0
M00092	0.0	0.0	0.0	0.0	0.0	0.0	0.0	0.0	0.0	0.0	0.0	0.0	0.0
M00093	0.3333333333333333	0.3333333333333333	1.0	0.6666666666666666	0.3333333333333333	0.3333333333333333	0.3333333333333333	0.3333333333333333	0.3333333333333333	0.3333333333333333	0.3333333333333333	0.3333333333333333	0.3333333333333333
M00094	0.0	0.0	0.0	0.0	0.0	0.0	0.0	0.0	0.0	0.0	0.0	0.0	0.0
M00095	0.14285714285714285	0.2857142857142857	0.14285714285714285	0.14285714285714285	0.2857142857142857	0.14285714285714285	0.14285714285714285	0.2857142857142857	0.2857142857142857	0.2857142857142857	0.2857142857142857	0.14285714285714285	0.2857142857142857
M00096	0.875	1.0	0.875	0.875	1.0	0.875	0.875	1.0	1.0	1.0	1.0	0.875	0.75
M00097	0.16666666666666666	0.16666666666666666	0.16666666666666666	0.16666666666666666	0.16666666666666666	0.16666666666666666	0.16666666666666666	0.16666666666666666	0.16666666666666666	0.16666666666666666	0.16666666666666666	0.16666666666666666	0.16666666666666666
M00098	0.5	0.5	0.5	0.5	0.0	0.5	0.5	0.5	0.5	0.0	0.0	0.5	0.0
M00099	0.0	0.0	0.0	0.0	0.0	0.0	0.0	0.2	0.2	0.0	0.0	0.0	0.0
M00100	0.0	0.0	0.5	0.5	0.0	0.5	0.0	0.5	0.5	0.5	0.0	0.0	0.5
M00101	0.0	0.0	0.0	0.0	0.0	0.0	0.0	0.1	0.1	0.0	0.0	0.0	0.0
M00102	0.0	0.0	0.0	0.0	0.0	0.0	0.0	0.0	0.0	0.0	0.0	0.0	0.0
M00103	0.0	0.0	0.0	0.0	0.0	0.0	0.0	0.0	0.0	0.0	0.0	0.0	0.0
M00104	0.0	0.0	0.0	0.0	0.0	0.0	0.0	0.0	0.0	0.0	0.0	0.0	0.0
M00106	0.0	0.0	0.0	0.0	0.0	0.0	0.0	0.0	0.0	0.0	0.0	0.0	0.0
M00107	0.0	0.0	0.0	0.0	0.0	0.0	0.0	0.0	0.0	0.0	0.0	0.0	0.0
M00108	0.0	0.0	0.0	0.0	0.0	0.0	0.0	0.0	0.0	0.0	0.0	0.0	0.0
M00109	0.0	0.0	0.0	0.0	0.0	0.0	0.0	0.0	0.0	0.0	0.0	0.0	0.0
M00110	0.0	0.0	0.0	0.0	0.0	0.0	0.0	0.0	0.0	0.0	0.0	0.0	0.0
M00112	0.0	0.0	0.0	0.0	0.0	0.0	0.0	0.0	0.0	0.0	0.0	0.0	0.0
M00113	0.1111111111111111	0.1111111111111111	0.1111111111111111	0.1111111111111111	0.1111111111111111	0.1111111111111111	0.1111111111111111	0.1111111111111111	0.1111111111111111	0.1111111111111111	0.1111111111111111	0.1111111111111111	0.1111111111111111
M00114	0.125	0.125	0.125	0.125	0.125	0.125	0.125	0.125	0.125	0.125	0.125	0.25	0.125
M00115	0.8	0.8	0.8	0.8	1.0	0.8	0.8	0.8	0.8	0.8	0.4	1.0	0.8
M00116	0.8888888888888888	0.8888888888888888	0.8888888888888888	0.8888888888888888	0.8888888888888888	0.8888888888888888	0.8888888888888888	0.8888888888888888	0.8888888888888888	0.8888888888888888	0.7777777777777778	0.7777777777777778	0.7777777777777778
M00117	0.1111111111111111	0.1111111111111111	0.1111111111111111	0.1111111111111111	0.1111111111111111	0.1111111111111111	0.1111111111111111	0.1111111111111111	0.1111111111111111	0.1111111111111111	0.1111111111111111	0.1111111111111111	0.0
M00118	0.0	0.0	0.5	0.0	0.0	0.0	0.0	0.0	0.0	0.0	0.0	0.0	0.0
M00119	1.0	0.8	1.0	1.0	1.0	1.0	1.0	1.0	1.0	0.8	0.2	0.8	1.0
M00120	1.0	1.0	1.0	1.0	1.0	1.0	1.0	1.0	1.0	1.0	1.0	1.0	1.0
M00121	1.0	1.0	1.0	1.0	1.0	1.0	1.0	1.0	1.0	0.9	0.8	1.0	0.9
M00122	0.0	0.0	0.14285714285714285	0.14285714285714285	0.14285714285714285	0.14285714285714285	0.14285714285714285	0.14285714285714285	0.14285714285714285	0.14285714285714285	0.14285714285714285	0.14285714285714285	0.14285714285714285
M00123	0.0	0.0	0.0	0.0	0.0	0.0	0.0	0.3333333333333333	0.3333333333333333	0.0	0.0	0.0	0.0
M00124	0.3333333333333333	0.16666666666666666	0.3333333333333333	0.3333333333333333	0.3333333333333333	0.3333333333333333	0.3333333333333333	0.3333333333333333	0.3333333333333333	0.3333333333333333	0.3333333333333333	0.16666666666666666	0.16666666666666666
M00125	1.0	1.0	1.0	1.0	1.0	1.0	1.0	1.0	1.0	1.0	0.7142857142857143	1.0	0.7142857142857143
M00126	1.0	1.0	1.0	1.0	1.0	1.0	1.0	1.0	1.0	1.0	1.0	0.8571428571428571	1.0
M00127	0.14285714285714285	0.14285714285714285	0.14285714285714285	0.14285714285714285	0.14285714285714285	0.2857142857142857	0.14285714285714285	0.6875	0.6875	0.375	0.14285714285714285	0.0	0.5625
M00128	0.0	0.0	0.0	0.0	0.0	0.0	0.0	0.0	0.0	0.0	0.0	0.0	0.0
M00129	0.42857142857142855	0.2857142857142857	0.5714285714285714	0.42857142857142855	0.42857142857142855	0.42857142857142855	0.42857142857142855	0.42857142857142855	0.2857142857142857	0.2857142857142857	0.42857142857142855	0.14285714285714285	0.2857142857142857
M00130	0.0	0.0	0.0	0.0	0.0	0.0	0.0	0.0	0.0	0.0	0.0	0.0	0.0
M00131	0.25	0.25	0.25	0.25	0.25	0.25	0.25	0.25	0.25	0.25	0.25	0.25	0.25
M00132	0.0	0.0	0.0	0.0	0.0	0.0	0.0	0.0	0.0	0.0	0.0	0.0	0.0
M00133	0.0	0.0	0.0	0.0	0.0	0.0	0.0	0.5	0.5	0.0	0.25	0.0	0.0
M00134	0.0	0.0	0.0	0.0	0.0	0.5	0.0	0.0	0.0	0.0	0.0	0.0	0.0
M00135	0.25	0.0	0.5	0.25	0.0	0.25	0.25	0.25	0.25	0.25	0.25	0.0	0.5
M00136	0.25	0.0	0.25	0.25	0.0	0.25	0.25	0.0	0.0	0.0	0.0	0.25	0.0
M00137	0.0	0.0	0.0	0.0	0.0	0.0	0.0	0.0	0.0	0.0	0.0	0.0	0.0
M00138	0.0	0.0	0.0	0.0	0.0	0.0	0.0	0.0	0.0	0.0	0.0	0.0	0.0
M00140	0.6666666666666666	0.6666666666666666	0.6666666666666666	0.6666666666666666	0.6666666666666666	0.6666666666666666	0.6666666666666666	0.6666666666666666	0.6666666666666666	0.6666666666666666	0.6666666666666666	0.6666666666666666	0.6666666666666666
M00141	0.5	0.5	0.5	0.5	0.5	0.5	0.5	0.5	0.5	0.5	0.5	0.5	0.5
M00142	0.0	0.0	0.0	0.0	0.0	0.0	0.0	0.0	0.0	0.0	0.0	0.0	0.0
M00143	0.0	0.0	0.0	0.0	0.0	0.0	0.0	0.0	0.0	0.0	0.0	0.0	0.0
M00144	1.0	1.0	1.0	1.0	1.0	1.0	1.0	1.0	1.0	1.0	1.0	0.8461538461538461	1.0
M00145	0.0	0.0	0.0	0.0	0.0	0.0	0.0	0.0	0.0	0.0	0.0	0.0	0.0
M00146	0.0	0.0	0.0	0.0	0.0	0.0	0.0	0.0	0.0	0.0	0.0	0.0	0.0
M00147	0.0	0.0	0.0	0.0	0.0	0.0	0.0	0.0	0.0	0.0	0.0	0.0	0.0
M00148	0.0	0.0	0.0	0.0	0.0	0.0	0.0	0.0	0.0	0.0	0.0	0.0	0.0
M00149	1.0	1.0	1.0	1.0	1.0	1.0	1.0	1.0	1.0	1.0	1.0	1.0	0.75
M00150	0.0	0.0	0.0	0.0	0.0	0.0	0.0	0.0	0.0	0.25	0.0	0.0	0.25
M00151	1.0	1.0	1.0	1.0	1.0	1.0	1.0	1.0	1.0	1.0	1.0	1.0	1.0
M00152	0.0	0.0	0.0	0.0	0.0	0.0	0.0	0.0	0.0	0.0	0.0	0.0	0.0
M00153	0.6666666666666666	0.6666666666666666	0.6666666666666666	0.6666666666666666	0.6666666666666666	0.6666666666666666	0.6666666666666666	0.6666666666666666	0.6666666666666666	0.6666666666666666	0.6666666666666666	0.6666666666666666	0.6666666666666666
M00154	0.13333333333333333	0.13333333333333333	0.13333333333333333	0.13333333333333333	0.13333333333333333	0.13333333333333333	0.13333333333333333	0.13333333333333333	0.13333333333333333	0.13333333333333333	0.13333333333333333	0.13333333333333333	0.13333333333333333
M00155	1.0	1.0	1.0	1.0	1.0	1.0	1.0	1.0	1.0	1.0	1.0	0.3333333333333333	0.5
M00156	0.0	0.0	0.0	0.0	0.0	0.0	0.0	0.0	0.0	0.0	0.0	0.0	0.0
M00157	1.0	1.0	1.0	1.0	1.0	1.0	1.0	1.0	1.0	1.0	1.0	0.875	1.0
M00158	0.0	0.0	0.0	0.0	0.0	0.0	0.0	0.0	0.0	0.0	0.0	0.0	0.0
M00159	0.0	0.0	0.0	0.0	0.0	0.0	0.0	0.0	0.0	0.0	0.0	0.0	0.0
M00160	0.0	0.0	0.0	0.0	0.0	0.0	0.0	0.0	0.0	0.0	0.0	0.0	0.0
M00161	0.0	0.0	0.0	0.0	0.0	0.0	0.0	0.0	0.0	0.0	0.0	0.0	0.0
M00162	0.125	0.125	0.125	0.125	0.0	0.125	0.125	0.125	0.125	0.125	0.0	0.125	0.0
M00163	0.0	0.0	0.0	0.0	0.0	0.0	0.0	0.0	0.0	0.0	0.0	0.0	0.0
M00165	0.6363636363636364	0.6363636363636364	0.6363636363636364	0.6363636363636364	0.6363636363636364	0.6363636363636364	0.6363636363636364	0.6363636363636364	0.6363636363636364	0.6363636363636364	0.6363636363636364	0.6363636363636364	0.6363636363636364
M00166	0.5	0.5	0.5	0.5	0.5	0.5	0.5	0.5	0.5	0.5	0.5	0.5	0.5
M00167	0.7142857142857143	0.7142857142857143	0.7142857142857143	0.7142857142857143	0.7142857142857143	0.7142857142857143	0.7142857142857143	0.7142857142857143	0.7142857142857143	0.7142857142857143	0.7142857142857143	0.7142857142857143	0.7142857142857143
M00168	1.0	1.0	1.0	1.0	1.0	1.0	1.0	1.0	1.0	1.0	1.0	0.5	1.0
M00169	0.5	0.5	0.5	0.5	0.0	0.5	0.5	0.0	0.0	0.0	0.0	0.5	0.5
M00170	0.25	0.25	0.25	0.25	0.25	0.25	0.25	0.25	0.25	0.25	0.25	0.0	0.25
M00171	0.2857142857142857	0.2857142857142857	0.2857142857142857	0.2857142857142857	0.14285714285714285	0.2857142857142857	0.2857142857142857	0.14285714285714285	0.14285714285714285	0.14285714285714285	0.14285714285714285	0.14285714285714285	0.2857142857142857
M00172	0.5	0.5	0.5	0.5	0.25	0.5	0.5	0.25	0.25	0.25	0.25	0.25	0.5
M00173	0.7954545454545454	0.7272727272727273	0.7272727272727273	0.7272727272727273	0.6	0.7272727272727273	0.7954545454545454	0.7272727272727273	0.7272727272727273	0.6363636363636364	0.5454545454545454	0.65	0.6363636363636364
M00174	0.0	0.0	0.0	0.0	0.0	0.0	0.0	0.0	0.0	0.0	0.0	0.0	0.0
M00175	0.0	0.0	0.0	0.0	0.0	0.0	0.0	0.0	0.0	0.0	0.0	0.0	0.0
M00176	0.8888888888888888	0.8888888888888888	0.8888888888888888	0.8888888888888888	0.0	0.8888888888888888	0.8888888888888888	0.8888888888888888	0.8888888888888888	0.8888888888888888	0.0	0.8888888888888888	0.8888888888888888
M00307	1.0	1.0	1.0	1.0	1.0	1.0	1.0	1.0	1.0	1.0	1.0	0.75	1.0
M00308	0.8	0.4	0.8	0.8	0.8	0.8	0.8	0.8	0.8	0.8	0.8	0.4	0.8
M00309	0.0	0.0	0.0	0.0	0.0	0.0	0.0	0.0	0.0	0.0	0.0	0.0	0.0
M00338	0.5	0.5	0.5	0.5	0.0	0.5	0.5	0.5	0.5	0.5	0.5	0.5	0.5
M00344	0.25	0.25	0.25	0.25	0.25	0.25	0.25	0.25	0.25	0.25	0.25	0.25	0.25
M00345	0.3333333333333333	0.3333333333333333	0.3333333333333333	0.3333333333333333	0.6666666666666666	0.3333333333333333	0.3333333333333333	0.3333333333333333	0.3333333333333333	0.3333333333333333	0.3333333333333333	0.3333333333333333	0.3333333333333333
M00346	0.4444444444444444	0.4444444444444444	0.4444444444444444	0.4444444444444444	0.4444444444444444	0.4444444444444444	0.4444444444444444	0.4444444444444444	0.4444444444444444	0.4444444444444444	0.4444444444444444	0.3333333333333333	0.4444444444444444
M00356	0.16666666666666666	0.16666666666666666	0.16666666666666666	0.16666666666666666	0.0	0.16666666666666666	0.16666666666666666	0.0	0.0	0.0	0.0	0.16666666666666666	0.0
M00357	0.3	0.3	0.3	0.3	0.2	0.3	0.3	0.2	0.2	0.2	0.2	0.25	0.2
M00358	0.0	0.0	0.25	0.25	0.0	0.25	0.0	0.0	0.25	0.0	0.0	0.0	0.0
M00363	0.0	0.0	0.0	0.0	0.0	0.0	0.0	0.0	0.0	0.0	0.0	0.0	0.0
M00364	0.5	1.0	0.5	0.5	1.0	0.5	0.5	1.0	1.0	1.0	1.0	0.5	1.0
M00365	0.5	1.0	0.5	0.5	1.0	0.5	0.5	1.0	1.0	1.0	1.0	0.5	1.0
M00366	0.0	0.25	0.0	0.0	0.25	0.0	0.0	0.25	0.25	0.25	0.25	0.0	0.25
M00367	0.0	0.3333333333333333	0.0	0.0	0.3333333333333333	0.0	0.0	0.3333333333333333	0.3333333333333333	0.3333333333333333	0.3333333333333333	0.0	0.3333333333333333
M00368	0.3333333333333333	0.3333333333333333	0.3333333333333333	0.3333333333333333	0.3333333333333333	0.3333333333333333	0.3333333333333333	0.3333333333333333	0.3333333333333333	0.3333333333333333	0.3333333333333333	0.3333333333333333	0.3333333333333333
M00369	0.0	0.0	0.0	0.0	0.0	0.0	0.0	0.0	0.0	0.0	0.0	0.0	0.0
M00370	0.0	0.0	0.0	0.0	0.0	0.0	0.0	0.0	0.0	0.0	0.0	0.0	0.0
M00371	0.0	0.0	0.0	0.0	0.0	0.0	0.0	0.0	0.0	0.0	0.0	0.0	0.0
M00372	0.0	0.0	0.0	0.0	0.0	0.0	0.0	0.0	0.0	0.0	0.0	0.0	0.0
M00373	0.125	0.125	0.125	0.125	0.125	0.125	0.125	0.125	0.125	0.20833333333333334	0.125	0.08333333333333333	0.08333333333333333
M00374	0.4423076923076923	0.46153846153846156	0.46153846153846156	0.46153846153846156	0.38461538461538464	0.46153846153846156	0.4423076923076923	0.46153846153846156	0.46153846153846156	0.38461538461538464	0.38461538461538464	0.2692307692307692	0.38461538461538464
M00375	0.07142857142857142	0.07142857142857142	0.07142857142857142	0.07142857142857142	0.07142857142857142	0.07142857142857142	0.07142857142857142	0.07142857142857142	0.07142857142857142	0.14285714285714285	0.07142857142857142	0.07142857142857142	0.07142857142857142
M00376	0.15384615384615385	0.15384615384615385	0.15384615384615385	0.15384615384615385	0.15384615384615385	0.15384615384615385	0.15384615384615385	0.15384615384615385	0.15384615384615385	0.23076923076923078	0.15384615384615385	0.15384615384615385	0.05128205128205128
M00377	0.2857142857142857	0.2857142857142857	0.2857142857142857	0.2857142857142857	0.2857142857142857	0.2857142857142857	0.2857142857142857	0.2857142857142857	0.2857142857142857	0.2857142857142857	0.2857142857142857	0.2857142857142857	0.2857142857142857
M00378	0.75	0.75	0.75	0.75	0.75	0.75	0.75	0.75	0.75	0.5	0.25	0.75	0.75
M00415	0.0	0.0	0.0	0.0	0.0	0.0	0.0	0.0	0.0	0.0	0.0	0.0	0.0
M00416	0.0	0.0	0.0	0.0	0.0	0.0	0.0	0.0	0.0	0.0	0.0	0.0	0.0
M00417	0.0	0.0	0.0	0.0	0.0	0.0	0.0	0.0	0.0	0.0	0.0	0.0	0.0
M00418	0.0	0.0	0.0	0.0	0.0	0.0	0.0	0.0	0.0	0.0	0.0	0.0	0.0
M00419	0.0	0.0	0.0	0.0	0.0	0.0	0.0	0.0	0.0	0.0	0.0	0.0	0.0
M00422	0.0	0.0	0.0	0.0	0.0	0.0	0.0	0.0	0.0	0.0	0.0	0.0	0.0
M00432	1.0	1.0	1.0	1.0	1.0	1.0	1.0	1.0	1.0	1.0	1.0	1.0	1.0
M00433	0.0	0.0	0.0	0.0	0.0	0.0	0.0	0.0	0.0	0.0	0.0	0.0	0.0
M00525	0.6666666666666666	0.6666666666666666	0.6666666666666666	0.7777777777777778	0.6666666666666666	0.7777777777777778	0.6666666666666666	0.6666666666666666	0.6666666666666666	0.6666666666666666	0.6666666666666666	0.6666666666666666	0.6666666666666666
M00526	0.8333333333333334	0.8333333333333334	0.8333333333333334	0.8333333333333334	0.8333333333333334	0.8333333333333334	0.8333333333333334	0.8333333333333334	0.8333333333333334	0.8333333333333334	0.8333333333333334	0.8333333333333334	0.8333333333333334
M00527	0.8571428571428571	0.8571428571428571	0.8571428571428571	0.8571428571428571	0.8571428571428571	0.8571428571428571	0.8571428571428571	0.8571428571428571	0.8571428571428571	0.8571428571428571	0.8571428571428571	0.8571428571428571	0.8571428571428571
M00528	0.0	0.0	0.0	0.0	0.0	0.0	0.0	0.0	0.0	0.0	0.0	0.0	0.0
M00529	0.5	0.5	0.5	0.25	0.5	0.5	0.5	0.5	0.5	0.25	0.0	0.5	0.5
M00530	1.0	1.0	1.0	1.0	1.0	1.0	1.0	1.0	1.0	1.0	0.5	1.0	1.0
M00531	0.5	0.0	0.5	0.5	0.0	0.0	0.5	0.5	0.5	0.5	0.0	0.0	0.0
M00532	0.3	0.3	0.2	0.2	0.3	0.2	0.3	0.3	0.3	0.3	0.3	0.3	0.3
M00533	0.5	0.25	0.5	0.5	0.25	0.5	0.5	0.25	0.25	0.25	0.25	0.25	0.25
M00534	0.0	0.0	0.0	0.0	0.0	0.0	0.0	0.0	0.0	0.0	0.0	0.0	0.0
M00535	0.6666666666666666	0.6666666666666666	0.6666666666666666	0.6666666666666666	0.6666666666666666	0.6666666666666666	0.6666666666666666	0.6666666666666666	0.6666666666666666	0.6666666666666666	0.6666666666666666	0.6666666666666666	0.6666666666666666
M00537	0.0	0.0	0.0	0.0	0.0	0.0	0.0	0.0	0.0	0.0	0.0	0.0	0.0
M00538	0.0	0.0	0.0	0.0	0.0	0.0	0.0	0.0	0.0	0.0	0.0	0.0	0.0
M00539	0.0	0.0	0.0	0.0	0.0	0.0	0.0	0.0	0.0	0.0	0.0	0.0	0.0
M00540	0.0	0.0	0.0	0.0	0.0	0.0	0.0	0.0	0.0	0.0	0.0	0.0	0.0
M00541	0.0	0.0	0.0	0.0	0.0	0.0	0.0	0.0	0.0	0.0	0.0	0.0	0.0
M00542	0.0	0.0	0.0	0.0	0.0	0.0	0.0	0.0	0.0	0.0	0.0	0.0	0.0
M00543	0.0	0.0	0.0	0.0	0.0	0.0	0.0	0.0	0.0	0.0	0.0	0.0	0.0
M00544	0.0	0.0	0.0	0.0	0.0	0.0	0.0	0.0	0.0	0.0	0.0	0.0	0.0
M00545	0.07142857142857142	0.03571428571428571	0.07142857142857142	0.07142857142857142	0.07142857142857142	0.16666666666666666	0.07142857142857142	0.07142857142857142	0.07142857142857142	0.07142857142857142	0.07142857142857142	0.03571428571428571	0.07142857142857142
M00546	0.6666666666666666	0.0	0.6666666666666666	0.6666666666666666	0.0	0.6666666666666666	0.6666666666666666	0.0	0.0	0.2	0.2	0.0	0.5
M00547	0.0	0.0	0.0	0.0	0.0	0.0	0.0	0.0	0.0	0.0	0.0	0.0	0.0
M00548	0.0	0.0	0.0	0.0	0.0	0.0	0.0	0.0	0.0	0.0	0.0	0.0	0.0
M00549	1.0	1.0	1.0	1.0	1.0	1.0	1.0	1.0	1.0	1.0	1.0	0.6666666666666666	1.0
M00550	0.4	0.2	0.4	0.4	0.4	0.4	0.4	0.4	0.4	0.4	0.4	0.2	0.4
M00551	0.0	0.0	0.0	0.0	0.0	0.0	0.0	0.0	0.0	0.0	0.0	0.0	0.0
M00552	0.4	0.4	0.4	0.4	0.4	0.4	0.4	0.4	0.4	0.4	0.4	0.4	0.4
M00554	1.0	1.0	1.0	1.0	1.0	1.0	1.0	1.0	1.0	1.0	1.0	1.0	1.0
M00555	0.0	0.0	0.5	0.0	0.0	0.0	0.0	0.0	0.0	0.0	0.0	0.0	0.0
M00563	0.125	0.125	0.125	0.125	0.0	0.125	0.125	0.0	0.0	0.0	0.0	0.125	0.0
M00564	0.0	0.0	0.0	0.0	0.0	0.0	0.0	0.0	0.0	0.0	0.0	0.0	0.0
M00565	0.8333333333333334	0.8333333333333334	0.8333333333333334	0.8333333333333334	0.8333333333333334	0.8333333333333334	0.8333333333333334	0.5	0.5	0.8333333333333334	0.8333333333333334	0.3333333333333333	0.8333333333333334
M00567	0.1875	0.1875	0.1875	0.1875	0.125	0.1875	0.1875	0.125	0.125	0.125	0.125	0.1875	0.125
M00568	0.25	0.25	0.25	0.25	0.25	0.25	0.25	0.25	0.25	0.25	0.25	0.25	0.25
M00569	0.2857142857142857	0.2857142857142857	0.2857142857142857	0.2857142857142857	0.2857142857142857	0.2857142857142857	0.2857142857142857	0.2857142857142857	0.2857142857142857	0.2857142857142857	0.2857142857142857	0.2	0.2857142857142857
M00570	1.0	1.0	1.0	1.0	1.0	1.0	1.0	1.0	1.0	1.0	1.0	1.0	1.0
M00572	0.3333333333333333	0.3333333333333333	0.3333333333333333	0.3333333333333333	0.3333333333333333	0.3333333333333333	0.3333333333333333	0.5	0.5	0.5	0.3333333333333333	0.16666666666666666	0.3333333333333333
M00573	0.0	0.0	0.0	0.0	0.0	0.0	0.0	0.2	0.2	0.0	0.0	0.0	0.0
M00574	0.0	0.0	0.0	0.0	0.0	0.0	0.0	0.0	0.0	0.0	0.0	0.0	0.0
M00575	0.0	0.0	0.0	0.0	0.0	0.0	0.0	0.0	0.0	0.0	0.0	0.0	0.0
M00576	0.0	0.0	0.0	0.0	0.0	0.0	0.0	0.0	0.0	0.0	0.0	0.0	0.0
M00577	0.0	0.0	0.0	0.0	0.0	0.0	0.0	0.2	0.2	0.0	0.0	0.0	0.0
M00579	1.0	1.0	1.0	1.0	1.0	1.0	1.0	1.0	1.0	1.0	1.0	1.0	1.0
M00580	0.0	0.0	0.0	0.0	0.0	0.0	0.0	0.0	0.0	0.0	0.0	0.0	0.0
M00595	0.0	0.0	0.0	0.0	0.0	0.0	0.0	0.0	0.0	0.0	0.0	0.0	0.0
M00596	0.0	0.0	0.0	0.0	0.0	0.0	0.0	0.0	0.0	0.0	0.0	0.0	0.0
M00597	0.0	0.0	0.0	0.0	0.0	0.0	0.0	0.0	0.0	0.0	0.0	0.0	0.0
M00598	0.0	0.0	0.0	0.0	0.0	0.0	0.0	0.0	0.0	0.0	0.0	0.0	0.0
M00608	0.0	0.0	0.0	0.0	0.0	0.0	0.0	0.0	0.0	0.0	0.0	0.0	0.0
M00609	0.5	0.5	0.5	0.5	0.16666666666666666	0.5	0.5	0.16666666666666666	0.16666666666666666	0.16666666666666666	0.16666666666666666	0.5	0.16666666666666666
M00611	0.3181818181818182	0.3181818181818182	0.3181818181818182	0.3181818181818182	0.3181818181818182	0.3181818181818182	0.3181818181818182	0.3181818181818182	0.3181818181818182	0.3181818181818182	0.3181818181818182	0.3181818181818182	0.3181818181818182
M00612	0.3181818181818182	0.3181818181818182	0.3181818181818182	0.3181818181818182	0.3181818181818182	0.3181818181818182	0.3181818181818182	0.3181818181818182	0.3181818181818182	0.3181818181818182	0.3181818181818182	0.3181818181818182	0.3181818181818182
M00613	0.07692307692307693	0.07692307692307693	0.07692307692307693	0.07692307692307693	0.07692307692307693	0.07692307692307693	0.07692307692307693	0.07692307692307693	0.07692307692307693	0.11538461538461539	0.07692307692307693	0.07692307692307693	0.02564102564102564
M00614	0.3977272727272727	0.36363636363636365	0.36363636363636365	0.36363636363636365	0.3	0.36363636363636365	0.3977272727272727	0.36363636363636365	0.36363636363636365	0.3181818181818182	0.2727272727272727	0.325	0.3181818181818182
M00615	0.75	0.5	0.75	0.75	0.5	0.5	0.75	0.75	0.75	0.75	0.0	0.5	0.5
M00616	0.4444444444444444	0.8194444444444444	0.4444444444444444	0.4444444444444444	0.0	0.4444444444444444	0.4444444444444444	0.4444444444444444	0.4444444444444444	0.4444444444444444	0.0	0.4444444444444444	0.6944444444444444
M00617	0.3	0.3	0.3	0.3	0.2	0.3	0.3	0.2	0.2	0.2	0.2	0.25	0.2
M00618	0.6428571428571428	0.6428571428571428	0.6428571428571428	0.6428571428571428	0.6428571428571428	0.6428571428571428	0.6428571428571428	0.6428571428571428	0.6428571428571428	0.6428571428571428	0.6428571428571428	0.6428571428571428	0.6428571428571428
M00620	0.39285714285714285	0.2857142857142857	0.2857142857142857	0.2857142857142857	0.2857142857142857	0.2857142857142857	0.39285714285714285	0.2857142857142857	0.2857142857142857	0.2857142857142857	0.2857142857142857	0.21428571428571427	0.2857142857142857
M00622	0.0	0.0	0.0	0.0	0.0	0.0	0.0	0.0	0.0	0.0	0.0	0.0	0.0
M00623	0.0	0.0	0.0	0.0	0.0	0.0	0.0	0.0	0.0	0.0	0.0	0.0	0.0
M00624	0.0	0.0	0.0	0.0	0.0	0.0	0.0	0.0	0.0	0.0	0.0	0.0	0.0
M00625	0.0	0.0	0.0	0.0	0.0	0.0	0.0	0.0	0.0	0.0	0.0	0.0	0.0
M00627	0.0	0.0	0.0	0.0	0.3333333333333333	0.0	0.0	0.3333333333333333	0.6666666666666666	0.3333333333333333	0.3333333333333333	0.0	0.0
M00630	0.0	0.0	0.0	0.0	0.0	0.0	0.0	0.0	0.0	0.0	0.0	0.0	0.0
M00631	0.8	0.0	0.8	0.8	1.0	0.8	0.8	0.4	0.4	0.8	0.8	0.0	0.6
M00632	1.0	1.0	1.0	1.0	1.0	1.0	1.0	1.0	1.0	1.0	1.0	1.0	1.0
M00633	0.0	0.0	0.0	0.0	0.0	0.0	0.0	0.0	0.0	0.0	0.0	0.0	0.0
M00636	0.0	0.0	0.0	0.0	0.0	0.0	0.0	0.0	0.0	0.0	0.0	0.0	0.0
M00637	0.0	0.0	0.0	0.0	0.0	0.0	0.0	0.0	0.0	0.0	0.0	0.0	0.0
M00638	0.0	0.0	0.0	0.0	0.0	0.0	0.0	0.0	0.0	0.0	0.0	0.0	0.0
M00639	0.5	0.0	0.5	0.5	0.5	0.5	0.5	0.5	0.5	0.0	0.0	0.0	0.5
M00641	0.0	0.0	0.0	0.0	0.0	0.0	0.0	0.0	0.0	0.0	0.0	0.0	0.0
M00642	0.0	0.5	0.0	0.0	0.5	0.0	0.0	0.5	0.0	0.0	0.0	0.0	0.0
M00643	0.0	0.0	0.0	0.0	0.0	0.0	0.0	0.0	0.0	0.0	0.0	0.0	0.0
M00649	0.0	0.0	0.0	0.0	0.0	0.0	0.0	0.0	0.0	0.0	0.0	0.0	0.0
M00651	0.2857142857142857	0.2857142857142857	0.2857142857142857	0.42857142857142855	0.42857142857142855	0.42857142857142855	0.2857142857142857	0.42857142857142855	0.42857142857142855	0.2857142857142857	0.2857142857142857	0.2857142857142857	0.2857142857142857
M00652	0.0	0.0	0.0	0.0	0.0	0.0	0.0	0.0	0.0	0.0	0.0	0.0	0.0
M00660	0.0	0.0	0.0	0.0	0.0	0.0	0.0	0.0	0.0	0.0	0.0	0.0	0.0
M00661	0.0	0.0	0.0	0.0	0.0	0.0	0.0	0.0	0.0	0.0	0.0	0.0	0.0
M00664	0.0	0.0	0.25	0.0	0.25	0.0	0.0	0.0	0.0	0.0	0.0	0.0	0.25
M00672	0.0	0.0	0.0	0.0	0.0	0.0	0.0	0.0	0.0	0.0	0.0	0.0	0.0
M00673	0.0	0.0	0.0	0.0	0.0	0.0	0.0	0.0	0.0	0.0	0.0	0.0	0.0
M00674	0.0	0.0	0.0	0.0	0.0	0.0	0.0	0.0	0.0	0.0	0.0	0.0	0.0
M00675	0.0	0.0	0.0	0.0	0.0	0.0	0.0	0.0	0.0	0.0	0.0	0.0	0.0
M00696	0.0	0.0	0.0	0.0	0.0	0.0	0.0	0.0	0.0	0.0	0.0	0.0	0.0
M00697	0.0	0.0	0.0	0.0	0.0	0.0	0.0	0.0	0.0	0.0	0.0	0.0	0.0
M00698	0.0	0.0	0.0	0.0	0.0	0.0	0.0	0.0	0.0	0.0	0.0	0.0	0.0
M00700	0.0	0.0	0.0	0.0	0.0	0.0	0.0	0.0	0.0	0.0	0.0	0.0	0.0
M00702	0.0	0.0	0.0	0.0	0.0	0.0	0.0	0.0	0.0	0.0	0.0	0.0	0.0
M00704	0.0	0.0	0.0	0.0	0.0	0.0	0.0	0.0	0.0	0.0	0.0	0.0	0.0
M00705	0.0	0.0	0.0	0.0	1.0	0.0	0.0	1.0	1.0	0.0	0.0	1.0	0.0
M00714	0.5	0.5	0.5	0.5	0.5	0.0	0.5	0.5	0.5	0.5	0.5	0.0	0.5
M00718	0.0	0.0	0.0	0.0	0.0	0.0	0.0	0.0	0.0	0.0	0.0	0.0	0.0
M00725	0.0	0.0	0.0	0.08333333333333333	0.0	0.0	0.0	0.08333333333333333	0.08333333333333333	0.0	0.0	0.0	0.0
M00726	0.3333333333333333	0.0	0.3333333333333333	0.3333333333333333	0.3333333333333333	0.0	0.3333333333333333	0.0	0.0	0.0	0.3333333333333333	0.0	0.3333333333333333
M00730	0.0	0.0	0.0	0.0	0.0	0.0	0.0	0.0	0.0	0.0	0.0	0.0	0.0
M00736	0.0	0.0	0.0	0.08333333333333333	0.08333333333333333	0.0	0.0	0.08333333333333333	0.08333333333333333	0.0	0.0	0.0	0.0
M00740	0.45454545454545453	0.36363636363636365	0.45454545454545453	0.45454545454545453	0.36363636363636365	0.36363636363636365	0.45454545454545453	0.45454545454545453	0.45454545454545453	0.36363636363636365	0.2727272727272727	0.45454545454545453	0.45454545454545453
M00741	0.16666666666666666	0.16666666666666666	0.16666666666666666	0.16666666666666666	0.16666666666666666	0.16666666666666666	0.16666666666666666	0.16666666666666666	0.16666666666666666	0.5	0.16666666666666666	0.0	0.0
M00744	0.0	0.0	0.0	0.0	0.0	0.0	0.0	0.0	0.0	0.0	0.0	0.0	0.0
M00745	0.0	0.0	0.0	0.0	0.0	0.0	0.0	0.0	0.0	0.0	0.0	0.0	0.0
M00746	0.0	0.0	0.0	0.0	0.0	0.0	0.0	0.0	0.0	0.0	0.0	0.0	0.0
M00761	0.0	0.0	0.0	0.0	0.0	0.0	0.0	0.0	0.0	0.0	0.0	0.0	0.0
M00763	0.0	0.0	0.0	0.0	0.0	0.0	0.0	0.0	0.0	0.0	0.0	0.0	0.0
M00769	0.0	0.0	0.0	0.0	0.0	0.0	0.0	0.0	0.0	0.0	0.0	0.0	0.0
M00773	0.0	0.0	0.0	0.0	0.0	0.0	0.0	0.0	0.0	0.0	0.0	0.0	0.0
M00774	0.0	0.0	0.0	0.0	0.0	0.0	0.0	0.0	0.0	0.0	0.0	0.0	0.0
M00775	0.0	0.0	0.0	0.0	0.0	0.0	0.0	0.0	0.0	0.0	0.0	0.0	0.0
M00776	0.0	0.0	0.0	0.0	0.0	0.0	0.0	0.0	0.0	0.0	0.0	0.0	0.0
M00777	0.0	0.0	0.0	0.0	0.0	0.0	0.0	0.0	0.0	0.0	0.0	0.0	0.0
M00778	0.0	0.0	0.0	0.0	0.0	0.0	0.0	0.0	0.0	0.0	0.0	0.0	0.0
M00779	0.0	0.0	0.0	0.25	0.125	0.0	0.0	0.0	0.0	0.0	0.0	0.0	0.0
M00780	0.0	0.0	0.0	0.0	0.0	0.0	0.0	0.0	0.0	0.0	0.0	0.0	0.0
M00781	0.0	0.0	0.0	0.0	0.0	0.0	0.0	0.0	0.0	0.0	0.0	0.0	0.0
M00782	0.0	0.0	0.0	0.0	0.0	0.0	0.0	0.0	0.0	0.0	0.0	0.0	0.0
M00783	0.0	0.0	0.0	0.0	0.0	0.0	0.0	0.0	0.0	0.0	0.0	0.0	0.0
M00784	0.0	0.0	0.0	0.0	0.0	0.0	0.0	0.0	0.0	0.0	0.0	0.0	0.0
M00785	0.0	0.0	0.0	0.0	0.0	0.0	0.0	0.0	0.0	0.0	0.0	0.0	0.0
M00786	0.0	0.0	0.0	0.0	0.0	0.0	0.0	0.0	0.0	0.0	0.0	0.0	0.0
M00787	0.0	0.0	0.0	0.0	0.0	0.0	0.0	0.0	0.0	0.0	0.0	0.0	0.0
M00788	0.0	0.0	0.0	0.0	0.0	0.0	0.0	0.0	0.0	0.0	0.0	0.0	0.0
M00789	0.0	0.0	0.0	0.0	0.0	0.0	0.0	0.0	0.0	0.0	0.0	0.0	0.0
M00790	0.0	0.0	0.0	0.0	0.0	0.0	0.0	0.0	0.0	0.0	0.0	0.0	0.0
M00793	1.0	0.0	1.0	1.0	1.0	0.75	1.0	1.0	1.0	1.0	1.0	1.0	1.0
M00794	0.0	0.0	0.0	0.0	0.0	0.0	0.0	0.0	0.0	0.0	0.0	0.0	0.0
M00795	0.0	0.0	0.0	0.0	0.0	0.0	0.0	0.0	0.0	0.0	0.0	0.0	0.0
M00796	0.0	0.0	0.0	0.0	0.0	0.0	0.0	0.0	0.0	0.0	0.0	0.0	0.0
M00797	0.0	0.0	0.0	0.0	0.0	0.0	0.0	0.0	0.0	0.0	0.0	0.0	0.0
M00798	0.0	0.0	0.0	0.0	0.0	0.0	0.0	0.0	0.0	0.0	0.0	0.0	0.0
M00799	0.0	0.0	0.0	0.0	0.0	0.0	0.0	0.0	0.0	0.0	0.0	0.0	0.0
M00800	0.0	0.0	0.0	0.0	0.0	0.0	0.0	0.0	0.0	0.0	0.0	0.0	0.0
M00801	0.0	0.0	0.0	0.0	0.0	0.0	0.0	0.0	0.0	0.0	0.0	0.0	0.0
M00802	0.0	0.0	0.0	0.0	0.0	0.0	0.0	0.0	0.0	0.0	0.0	0.0	0.0
M00803	0.0	0.0	0.0	0.0	0.0	0.0	0.0	0.0	0.0	0.0	0.0	0.0	0.0
M00804	0.3333333333333333	0.3333333333333333	0.3333333333333333	0.3333333333333333	0.3333333333333333	0.3333333333333333	0.3333333333333333	0.3333333333333333	0.3333333333333333	0.3333333333333333	0.0	0.3333333333333333	0.3333333333333333
M00805	0.0	0.0	0.0	0.0	0.0	0.0	0.0	0.0	0.0	0.0	0.0	0.0	0.0
M00808	0.0	0.0	0.0	0.0	0.0	0.0	0.0	0.0	0.0	0.0	0.0	0.0	0.0
M00810	0.0	0.0	0.0	0.0	0.0	0.0	0.0	0.0	0.0	0.0	0.0	0.0	0.0
M00811	0.0	0.0	0.0	0.0	0.0	0.0	0.0	0.0	0.0	0.0	0.0	0.0	0.0
M00814	0.0	0.0	0.0	0.0	0.0	0.0	0.0	0.0	0.0	0.0	0.0	0.0	0.0
M00815	0.0	0.0	0.0	0.0	0.0	0.0	0.0	0.0	0.0	0.0	0.0	0.0	0.0
M00819	0.0	0.0	0.0	0.0	0.0	0.0	0.0	0.0	0.0	0.0	0.0	0.0	0.0
M00823	0.0	0.0	0.0	0.0	0.0	0.0	0.0	0.0	0.0	0.0	0.0	0.0	0.0
M00824	0.0	0.0	0.0	0.0	0.0	0.0	0.0	0.0	0.0	0.0	0.0	0.0	0.0
M00825	0.0	0.0	0.0	0.0	0.0	0.0	0.0	0.0	0.0	0.0	0.0	0.0	0.0
M00826	0.0	0.0	0.0	0.0	0.0	0.0	0.0	0.0	0.0	0.0	0.0	0.0	0.0
M00827	0.16666666666666666	0.16666666666666666	0.16666666666666666	0.16666666666666666	0.0	0.16666666666666666	0.16666666666666666	0.0	0.0	0.0	0.0	0.16666666666666666	0.0
M00828	0.0	0.0	0.0	0.0	0.0	0.0	0.0	0.0	0.0	0.0	0.0	0.0	0.0
M00829	0.0	0.0	0.0	0.0	0.0	0.0	0.0	0.0	0.0	0.0	0.0	0.0	0.0
M00830	0.0	0.0	0.0	0.0	0.0	0.0	0.0	0.0	0.0	0.0	0.0	0.0	0.0
M00831	0.0	0.0	0.0	0.0	0.0	0.0	0.0	0.0	0.0	0.0	0.0	0.0	0.0
M00832	0.2	0.2	0.2	0.2	0.0	0.2	0.2	0.0	0.0	0.0	0.0	0.2	0.0
M00833	0.0	0.0	0.0	0.0	0.0	0.0	0.0	0.0	0.0	0.0	0.0	0.0	0.0
M00834	0.0	0.0	0.0	0.0	0.0	0.0	0.0	0.0	0.0	0.0	0.0	0.0	0.0
M00835	0.0	0.0	0.0	0.42857142857142855	0.14285714285714285	0.14285714285714285	0.0	0.14285714285714285	0.14285714285714285	0.14285714285714285	0.14285714285714285	0.0	0.14285714285714285
M00836	0.0	0.0	0.0	0.0	0.0	0.0	0.0	0.0	0.0	0.0	0.0	0.0	0.0
M00837	0.0	0.0	0.0	0.0	0.0	0.0	0.0	0.0	0.0	0.0	0.0	0.0	0.0
M00838	0.0	0.0	0.0	0.0	0.0	0.0	0.0	0.0	0.0	0.0	0.0	0.0	0.0
M00840	0.42857142857142855	0.42857142857142855	0.42857142857142855	0.42857142857142855	0.42857142857142855	0.42857142857142855	0.42857142857142855	0.42857142857142855	0.42857142857142855	0.2857142857142857	0.14285714285714285	0.42857142857142855	0.2857142857142857
M00841	0.4	0.4	0.4	0.4	0.4	0.4	0.4	0.4	0.4	0.4	0.4	0.4	0.4
M00842	0.3333333333333333	0.3333333333333333	0.3333333333333333	0.3333333333333333	0.3333333333333333	0.3333333333333333	0.3333333333333333	0.3333333333333333	0.3333333333333333	0.3333333333333333	0.3333333333333333	0.3333333333333333	0.3333333333333333
M00843	0.3333333333333333	0.3333333333333333	0.3333333333333333	0.3333333333333333	0.3333333333333333	0.3333333333333333	0.3333333333333333	0.3333333333333333	0.3333333333333333	0.3333333333333333	0.3333333333333333	0.3333333333333333	0.3333333333333333
M00844	1.0	1.0	1.0	1.0	1.0	1.0	1.0	1.0	1.0	1.0	1.0	1.0	1.0
M00845	0.5714285714285714	0.5714285714285714	0.5714285714285714	0.5714285714285714	0.5714285714285714	0.5714285714285714	0.5714285714285714	0.5714285714285714	0.5714285714285714	0.5714285714285714	0.5714285714285714	0.42857142857142855	0.5714285714285714
M00846	1.0	1.0	1.0	1.0	1.0	1.0	1.0	1.0	1.0	0.75	0.75	1.0	1.0
M00847	0.0	0.3333333333333333	0.0	0.0	0.0	0.0	0.0	0.0	0.0	0.0	0.0	0.0	0.0
M00848	0.03125	0.03125	0.03125	0.03125	0.03125	0.03125	0.03125	0.03125	0.03125	0.03125	0.03125	0.03125	0.03125
M00849	0.14285714285714285	0.2857142857142857	0.14285714285714285	0.14285714285714285	0.2857142857142857	0.14285714285714285	0.14285714285714285	0.2857142857142857	0.2857142857142857	0.2857142857142857	0.2857142857142857	0.14285714285714285	0.2857142857142857
M00850	0.0	0.0	0.0	0.0	0.0	0.0	0.0	0.0	0.0	0.0	0.0	0.0	0.0
M00851	0.0	0.0	0.0	0.0	0.0	0.0	0.0	0.0	0.0	0.0	0.0	0.0	0.0
M00852	0.0	0.0	0.0	0.0	0.0	0.0	0.0	0.0	0.0	0.0	0.0	0.0	0.0
M00853	0.0	0.0	0.0	0.0	0.0	0.0	0.0	0.0	0.0	0.0	0.0	0.0	0.0
M00854	0.6666666666666666	0.6666666666666666	1.0	0.6666666666666666	0.6666666666666666	0.6666666666666666	0.6666666666666666	0.6666666666666666	0.6666666666666666	0.6666666666666666	0.6666666666666666	0.3333333333333333	0.6666666666666666
M00855	1.0	1.0	1.0	1.0	1.0	1.0	1.0	1.0	1.0	0.75	0.75	1.0	1.0
M00856	0.0	0.0	0.0	0.0	0.0	0.0	0.0	0.0	0.0	0.0	0.0	0.0	0.0
M00857	0.0	0.0	0.0	0.0	0.0	0.0	0.0	0.0	0.0	0.0	0.0	0.0	0.0
M00859	0.0	0.0	0.0	0.0	0.0	0.0	0.0	0.0	0.0	0.0	0.0	0.0	0.0
M00860	0.0	0.0	0.0	0.0	0.0	0.0	0.0	0.0	0.0	0.0	0.0	0.0	0.0
M00861	0.3333333333333333	0.3333333333333333	0.3333333333333333	0.3333333333333333	0.3333333333333333	0.3333333333333333	0.3333333333333333	0.3333333333333333	0.3333333333333333	0.3333333333333333	0.3333333333333333	0.3333333333333333	0.3333333333333333
M00862	0.0	0.0	0.0	0.0	0.0	0.0	0.0	0.0	0.0	0.0	0.0	0.0	0.0
M00866	0.0	0.0	0.0	0.0	0.0	0.0	0.0	0.0	0.0	0.0	0.0	0.0	0.0
M00867	0.0	0.0	0.0	0.0	0.0	0.0	0.0	0.0	0.0	0.0	0.0	0.0	0.0
M00868	0.75	0.75	0.75	0.75	0.75	0.75	0.75	0.75	0.75	0.625	0.5	0.75	0.75
M00872	0.1	0.1	0.1	0.1	0.1	0.1	0.1	0.1	0.1	0.1	0.1	0.1	0.1
M00873	0.25	0.25	0.25	0.25	0.25	0.25	0.25	0.25	0.25	0.25	0.25	0.08333333333333333	0.25
M00874	0.4166666666666667	0.4166666666666667	0.4166666666666667	0.4166666666666667	0.4166666666666667	0.4166666666666667	0.4166666666666667	0.4166666666666667	0.4166666666666667	0.4166666666666667	0.4166666666666667	0.25	0.4166666666666667
M00875	0.0	0.0	0.0	0.0	0.0	0.0	0.0	0.0	0.0	0.0	0.0	0.0	0.0
M00876	0.0	0.0	0.3333333333333333	0.3333333333333333	0.0	0.3333333333333333	0.0	0.0	0.0	0.0	0.0	0.0	0.0
M00877	0.0	0.0	0.0	0.0	0.0	0.0	0.0	0.0	0.0	0.0	0.0	0.0	0.0
M00878	0.2857142857142857	0.14285714285714285	0.2857142857142857	0.2857142857142857	0.2857142857142857	0.2857142857142857	0.2857142857142857	0.42857142857142855	0.42857142857142855	0.2857142857142857	0.14285714285714285	0.0	0.2857142857142857
M00879	0.0	0.0	0.0	0.0	0.0	0.0	0.0	0.0	0.0	0.0	0.0	0.0	0.0
M00880	0.8	0.8	0.8	1.0	0.8	0.8	0.8	0.8	0.8	0.8	0.6	0.8	1.0
M00881	1.0	1.0	1.0	1.0	1.0	1.0	1.0	1.0	1.0	1.0	1.0	1.0	1.0
M00882	0.5	0.5	0.5	0.5	0.5	0.5	0.5	0.5	0.5	0.5	0.5	0.5	0.5
M00883	0.3333333333333333	0.3333333333333333	0.3333333333333333	0.3333333333333333	0.3333333333333333	0.3333333333333333	0.3333333333333333	0.3333333333333333	0.3333333333333333	0.3333333333333333	0.3333333333333333	0.3333333333333333	0.3333333333333333
M00884	0.5	0.5	0.5	0.5	0.5	0.5	0.5	0.5	0.5	0.5	0.5	0.5	0.5
M00889	0.0	0.0	0.0	0.0	0.0	0.0	0.0	0.0	0.0	0.0	0.0	0.0	0.0
M00890	0.0	0.0	0.0	0.0	0.0	0.0	0.0	0.0	0.0	0.0	0.0	0.0	0.0
M00891	0.0	0.0	0.0	0.0	0.0	0.0	0.0	0.0	0.0	0.0	0.0	0.0	0.0
M00892	0.5	0.5	0.5	0.5	0.5	0.5	0.5	0.5	0.5	0.5	0.5	0.5	0.5
M00893	0.0	0.0	0.0	0.0	0.0	0.0	0.0	0.0	0.0	0.0	0.0	0.0	0.0
M00894	0.0	0.0	0.0	0.0	0.0	0.0	0.0	0.0	0.0	0.0	0.0	0.0	0.0
M00895	0.1111111111111111	0.1111111111111111	0.1111111111111111	0.1111111111111111	0.1111111111111111	0.2222222222222222	0.1111111111111111	0.7222222222222222	0.7222222222222222	0.3333333333333333	0.1111111111111111	0.0	0.6111111111111112
M00896	0.25	0.25	0.25	0.25	0.25	0.25	0.25	0.8	0.8	0.6	0.25	0.0	0.6
M00897	0.0	0.0	0.0	0.0	0.0	0.0	0.0	0.2	0.2	0.0	0.0	0.0	0.0
M00898	0.0	0.0	0.0	0.0	0.0	0.0	0.0	0.0	0.0	0.0	0.0	0.0	0.0
M00899	0.0	0.0	0.0	0.0	0.0	0.0	0.0	0.6666666666666666	0.6666666666666666	0.6666666666666666	0.0	0.5	0.6666666666666666
M00900	0.0	0.0	0.0	0.0	0.0	0.0	0.0	0.0	0.0	0.0	0.0	0.0	0.0
M00901	0.0	0.0	0.0	0.0	0.0	0.0	0.0	0.0	0.0	0.0	0.0	0.0	0.0
M00902	0.0	0.0	0.0	0.0	0.0	0.0	0.0	0.0	0.0	0.0	0.0	0.0	0.0
M00903	0.0	0.0	0.0	0.0	0.0	0.0	0.0	0.0	0.0	0.0	0.0	0.0	0.0
M00904	0.0	0.0	0.0	0.0	0.0	0.0	0.0	0.0	0.0	0.0	0.0	0.0	0.0
M00905	0.0	0.0	0.0	0.0	0.0	0.0	0.0	0.0	0.0	0.0	0.0	0.0	0.0
M00906	0.0	0.0	0.0	0.0	0.0	0.0	0.0	0.0	0.0	0.0	0.0	0.0	0.0
M00909	1.0	1.0	1.0	1.0	1.0	1.0	1.0	1.0	1.0	1.0	1.0	1.0	1.0
M00910	0.0	0.0	0.0	0.0	0.0	0.0	0.0	0.0	0.0	0.0	0.0	0.0	0.0
M00911	0.3333333333333333	0.3333333333333333	0.3333333333333333	0.3333333333333333	0.3333333333333333	0.3333333333333333	0.3333333333333333	0.3333333333333333	0.3333333333333333	0.3333333333333333	0.3333333333333333	0.3333333333333333	0.3333333333333333
M00912	0.5	0.25	0.375	0.375	0.375	0.5	0.5	0.625	0.625	0.5	0.25	0.375	0.5
M00913	0.8	0.4	0.8	0.8	0.6	0.8	0.8	0.6	0.6	0.4	0.0	0.4	0.8
M00914	0.42857142857142855	0.2857142857142857	0.42857142857142855	0.42857142857142855	0.42857142857142855	0.42857142857142855	0.42857142857142855	0.42857142857142855	0.42857142857142855	0.2857142857142857	0.14285714285714285	0.2857142857142857	0.42857142857142855
M00915	0.0	0.0	0.0	0.0	0.0	0.0	0.0	0.0	0.0	0.0	0.0	0.0	0.0
M00916	1.0	1.0	1.0	1.0	0.0	1.0	1.0	1.0	1.0	1.0	1.0	1.0	1.0
M00917	0.0	0.0	0.0	0.0	0.0	0.0	0.0	0.07142857142857142	0.07142857142857142	0.0	0.0	0.0	0.0
M00918	0.25	0.0	0.0	0.0	0.0	0.0	0.25	0.0	0.0	0.0	0.0	0.0	0.0
M00919	0.0	0.0	0.0	0.0	0.0	0.0	0.0	0.0	0.0	0.0	0.0	0.0	0.0
M00921	0.25	0.25	0.25	0.25	0.25	0.25	0.25	0.25	0.25	0.25	0.25	0.25	0.25
M00922	0.0	0.3333333333333333	0.0	0.0	0.0	0.0	0.0	0.0	0.0	0.0	0.0	0.0	0.0
M00923	0.0	0.0	0.0	0.0	0.0	0.0	0.0	0.0	0.0	0.0	0.0	0.0	0.0
M00924	0.25	0.18181818181818182	0.18181818181818182	0.25	0.18181818181818182	0.25	0.25	0.18181818181818182	0.18181818181818182	0.16666666666666666	0.16666666666666666	0.18181818181818182	0.18181818181818182
M00925	0.09090909090909091	0.09090909090909091	0.09090909090909091	0.09090909090909091	0.09090909090909091	0.09090909090909091	0.09090909090909091	0.09090909090909091	0.09090909090909091	0.09090909090909091	0.09090909090909091	0.09090909090909091	0.09090909090909091
M00926	1.0	1.0	1.0	1.0	1.0	1.0	1.0	1.0	1.0	0.8888888888888888	0.7777777777777778	1.0	1.0
M00927	0.0	0.0	0.0	0.0	0.0	0.0	0.0	0.0	0.0	0.0	0.0	0.0	0.0
M00928	0.0	0.0	0.0	0.0	0.0	0.0	0.0	0.0	0.0	0.0	0.0	0.0	0.0
M00929	0.0	0.0	0.0	0.0	0.0	0.0	0.0	0.0	0.0	0.0	0.0	0.0	0.0
M00930	0.0	0.0	0.0	0.0	0.0	0.0	0.0	0.0	0.0	0.0	0.0	0.0	0.0
M00931	0.0	0.0	0.0	0.0	0.0	0.0	0.0	0.0	0.0	0.0	0.0	0.0	0.0
M00932	0.6	0.6	0.6	0.6	0.6	0.6	0.6	0.6	0.6	0.6	0.5	0.5	0.6
M00933	0.0	0.0	0.0	0.0	0.0	0.0	0.0	0.0	0.0	0.0	0.0	0.0	0.0
M00934	0.0	0.0	0.0	0.0	0.0	0.0	0.0	0.0	0.0	0.0	0.0	0.0	0.0
M00935	0.0	0.0	0.0	0.0	0.0	0.0	0.16666666666666666	0.0	0.0	0.0	0.0	0.0	0.0
M00936	0.0	0.0	0.0	0.0	0.0	0.0	0.0	0.0	0.0	0.0	0.0	0.25	0.0
